(0.040335, -0.18896)
(-0.275674, -0.153167)
(-0.36069, 0.12519)
(-0.230938, 0.285167)
(0.02076, 0.370267)
(0.31299, 0.280459)
(0.410017, 0.010901)
(0.325841, -0.185826)
(-0.0866718, 0.102608)
(-0.0313902, 0.10974)
(0.089099, 0.0722844)
(0.128059, 0.0616521)
(0.197558, -0.0145639)



0.040335 -0.18896 0
-0.275674 -0.153167 0
-0.36069 0.12519 -0
-0.230938 0.285167 -0
0.02076 0.370267 -0
0.31299 0.280459 -0
0.410017 0.010901 -0
0.325841 -0.185826 0
-0.0866718 0.102608 0
-0.0313902 0.10974 0
0.089099 0.0722844 0
0.128059 0.0616521 0
0.197558 -0.0145639 0


1- O Equilatero e a ultima opcao
2- Caso nao de o equilatero algum que tenha melhor metrica